0.0
0.0
0.012143013128891716
0.13467816194068097
0.3036476756034918
0.425230092024867
0.5202326720601579
0.6137218760436634
0.9243169787008259
1.560358718917162
2.655483875801715
6.151696734555399
9.997246788242695
19.90516674420428
33.824990024378515
48.453354941968314
66.56254166652545
83.26296719372142
96.24963816322546
102.78640632688031
106.5418154657976
109.77978582520825
113.47179191827735
115.4237008366287
118.05370229400386
118.96523770640971
119.4255908669465
118.79953749622457
117.75504872874552
116.42191460939847
114.07301298955873
111.09897575407203
107.83409390244232
104.5270645168132
101.06629499946652
97.56382681860117
94.06491651522495
90.8603867118703
87.56239786347176
84.28211421239497
81.05739368168123
77.9043121737392
74.83227855664892
71.8470590921661
68.95209204558157
66.14920851238917
63.439082390678045
60.82153444499207
58.29574854924266
55.860430854402146
53.51392978530063
51.25432806739854
49.07951418312578
46.987238355588445
44.97515668858425
43.040866114123936
41.181932125164174
39.395910794172536
37.680366232282644
36.032884388182325
34.45108389385834
32.932624518062376
31.475213675619493
30.076611352883923
28.734633740619923
27.44715581088642
26.212113030841714
25.027502371302525
23.891382739530716
22.801874942660728
21.757161269325817
20.755484761535275
19.795148236025998
18.87451310362145
17.99199802614779
17.1460774428223
16.335279991443286
15.55818684390973
14.813429970342408
14.099690341126038
13.415696071294201
12.76022050653806
12.13208024436807
11.530133077091627
10.953275834571825
10.400442093128722
9.870599700763576
9.362748045443952
8.87591495802486
8.409153086834964
7.961535493372872
7.532150072563466
7.12009214720217
6.724454122829138
6.344310192605412
5.978692218657656
5.626548681620429
5.286667761032669
4.957512981616871
4.636793414865095
4.2837179969223795
3.9845949252398696
3.7049367041888286
3.4927448895536712
3.280985167994276
3.083379927057124
2.8638985271570294
2.6956689806769774
2.5402392385864054
2.3870723172110755
2.1885220341495293
2.058069393789033
1.956130305859623
1.8565645013769096
1.7518162443850458
